state1
Expectimax
1 0.09801101684570312 6
1 0.16703176498413086 6
0 0.01995682716369629 1
1 0.11000561714172363 6
0 0.07099366188049316 2
1 0.10499811172485352 6
0 0.018999814987182617 1
0 0.05301403999328613 2
0 0.05798602104187012 2
0 0.022054195404052734 1
1 0.13298726081848145 7
0 0.023961305618286133 1
1 0.11509037017822266 6
0 0.020059585571289062 1
1 0.13051056861877441 6
0 0.018958330154418945 1
0 0.02200031280517578 1
1 0.12903952598571777 6
1 0.14196014404296875 6
0 0.06300663948059082 2
1 0.13999295234680176 7
0 0.022051572799682617 1
1 0.17198729515075684 6
0 0.02196216583251953 1
0 0.019045352935791016 1
1 0.09395432472229004 6
0 0.020044803619384766 1
1 0.09899759292602539 6
1 0.13295531272888184 5
0 0.019045114517211914 1
1 0.16995692253112793 6
1 0.14258050918579102 5
1 0.11903524398803711 6
0 0.01799631118774414 1
0 0.02800583839416504 1
0 0.017955541610717773 1
0 0.022222280502319336 1
1 0.15303826332092285 7
1 0.14202046394348145 7
1 0.1359400749206543 6
0 0.05500149726867676 2
1 0.11104011535644531 6
1 0.15295743942260742 8
0 0.021999835968017578 1
1 0.14713096618652344 5
0 0.021999359130859375 1
1 0.13799595832824707 6
0 0.017960548400878906 1
1 0.14510726928710938 6
1 0.14453697204589844 6

 MonteCarlo
0 0.06296300888061523 1
0 0.34999942779541016 3
0 0.04699897766113281 1
0 0.21601462364196777 2
0 0.2085709571838379 2
0 0.057956695556640625 1
1 0.5183093547821045 6
0 0.19899845123291016 2
1 0.5040476322174072 5
0 0.09895014762878418 1
0 0.11104345321655273 1
0 0.04099869728088379 1
0 0.4829578399658203 5
0 0.06704545021057129 1
0 0.28595852851867676 3
0 0.25554680824279785 3
0 0.07400274276733398 1
0 0.0969991683959961 1
0 0.6821486949920654 6
1 3.319991111755371 39
0 0.5330002307891846 5
0 0.05603957176208496 1
0 0.05500197410583496 1
0 0.10502862930297852 1
1 0.5240020751953125 6
1 0.5332624912261963 6
0 0.08897185325622559 1
0 0.33399438858032227 3
1 0.5968623161315918 8
0 0.22501301765441895 2
0 0.05795693397521973 1
1 0.5960664749145508 6
0 0.2073519229888916 2
0 0.07799673080444336 1
1 0.5287683010101318 6
0 0.3080172538757324 3
1 1.3959987163543701 13
0 0.05704021453857422 1
0 0.10699892044067383 1
0 0.4899916648864746 5
0 0.0429689884185791 1
0 0.9789965152740479 9
0 0.3099997043609619 3
1 0.8477332592010498 10
0 0.11000204086303711 1
0 0.20234966278076172 2
1 0.8624353408813477 12
1 1.057762622833252 12
0 0.05099844932556152 1
1 1.8745779991149902 23
state2
Expectimax
1 0.020998477935791016 6
0 0.003000020980834961 1
1 0.020999908447265625 6
0 0.0030002593994140625 1
0 0.003000497817993164 1
0 0.0050356388092041016 1
1 0.01701498031616211 6
1 0.01695108413696289 6
0 0.003000974655151367 1
1 0.023000001907348633 6
0 0.0029990673065185547 1
1 0.023024559020996094 6
0 0.0020139217376708984 1
1 0.023001909255981445 6
1 0.017999649047851562 6
1 0.015011310577392578 6
1 0.024947166442871094 6
0 0.004999399185180664 1
1 0.029005050659179688 6
1 0.02103567123413086 6
0 0.003973722457885742 1
0 0.007963895797729492 2
0 0.0020029544830322266 1
1 0.023001432418823242 6
1 0.028014421463012695 8
0 0.0029845237731933594 1
0 0.004966259002685547 1
0 0.004038095474243164 1
1 0.019962310791015625 6
0 0.003040790557861328 1
1 0.01703333854675293 6
0 0.005995512008666992 1
1 0.018988847732543945 6
0 0.01800060272216797 5
0 0.026006221771240234 3
1 0.019006729125976562 6
1 0.02798748016357422 6
1 0.029998779296875 6
0 0.04399847984313965 8
0 0.0029993057250976562 1
1 0.024000167846679688 6
1 0.01900005340576172 6
0 0.0019998550415039062 1
1 0.017004013061523438 6
1 0.03503847122192383 8
1 0.029958724975585938 6
1 0.0260007381439209 6
1 0.03599834442138672 8
0 0.004002571105957031 1
1 0.022003650665283203 6

 MonteCarlo
0 0.22299671173095703 3
0 0.05401325225830078 1
1 0.9510204792022705 14
0 0.7029612064361572 7
0 0.21500706672668457 2
1 0.7982380390167236 10
0 0.23299145698547363 4
0 0.229996919631958 4
0 0.3546266555786133 5
0 0.6300456523895264 9
0 0.057047128677368164 1
0 0.31204986572265625 6
0 0.054007768630981445 1
1 0.5270683765411377 10
0 0.0425267219543457 1
1 0.692166805267334 14
0 0.3659026622772217 6
0 0.03766918182373047 1
0 0.24495911598205566 5
0 0.040523529052734375 1
0 0.04100751876831055 1
0 0.04599142074584961 1
0 0.035040855407714844 1
0 0.22096633911132812 3
0 0.04199409484863281 1
0 0.04504680633544922 1
0 0.3012850284576416 5
0 0.060025930404663086 1
1 0.3782680034637451 6
0 0.041423797607421875 1
0 0.20978689193725586 3
0 0.051969051361083984 1
0 0.06449460983276367 1
0 0.823068380355835 20
0 0.06793904304504395 1
0 0.05003809928894043 1
0 0.05795645713806152 1
0 0.06200265884399414 1
0 0.14299678802490234 2
1 0.5870473384857178 12
0 0.029963016510009766 1
0 0.05799150466918945 1
0 0.10877656936645508 2
0 0.327953577041626 5
0 0.049095869064331055 1
0 0.1967010498046875 3
0 0.054999351501464844 1
1 0.5010025501251221 10
0 0.0400395393371582 1
0 0.25795912742614746 4
