state1
Expectimax
1 0.8870618343353271 19
1 0.9615089893341064 22
1 0.9570567607879639 30
1 0.85933518409729 26
1 1.2702691555023193 28
1 0.6619133949279785 16
1 0.7670392990112305 16
1 0.7419650554656982 17
1 1.1575086116790771 26
1 1.006577968597412 30
1 0.8890640735626221 20
1 4.2749645709991455 85
1 1.5463707447052002 46
1 0.9009988307952881 20
1 0.9889979362487793 24
1 1.0102851390838623 25
1 1.2950317859649658 26
1 1.0692455768585205 26
1 1.1860361099243164 30
1 1.6990368366241455 37
1 1.4642479419708252 40
1 0.9000411033630371 22
1 0.5749521255493164 15
1 1.2001047134399414 31
1 1.0729436874389648 32
1 1.061732292175293 22
1 2.6252520084381104 66
1 0.7670385837554932 16
1 1.7396957874298096 41
1 0.9845349788665771 22
1 1.4640052318572998 38
1 1.4479148387908936 44
1 0.7437827587127686 16
1 1.2596180438995361 38
1 1.1119906902313232 26
1 0.635002613067627 22
1 0.9580378532409668 26
1 1.0700500011444092 26
1 0.7880549430847168 15
1 0.8323962688446045 18
1 0.9309980869293213 22
1 0.8635687828063965 16
1 1.0206434726715088 28
1 0.6227326393127441 16
1 1.395268201828003 34
1 1.3281841278076172 33
1 0.8230979442596436 17
1 0.9139823913574219 22
1 0.8961977958679199 20
1 1.0156326293945312 29

 MonteCarlo
1 13.128259658813477 64
1 10.474322080612183 44
1 4.528219699859619 18
1 7.223369836807251 30
1 12.378680944442749 46
1 7.484370231628418 36
1 7.343015670776367 35
1 17.637553215026855 78
1 10.025712728500366 44
1 7.918741941452026 38
1 3.731020927429199 20
1 12.411003589630127 58
1 5.795223236083984 26
0 7.909266471862793 30
1 4.815269231796265 27
1 3.9150521755218506 20
1 11.541882038116455 50
0 3.8903560638427734 17
1 6.648194313049316 32
1 4.8356053829193115 26
1 10.489272356033325 49
1 13.705957174301147 66
1 12.215147256851196 56
1 9.270115852355957 44
1 6.912463903427124 34
1 13.322347402572632 50
1 20.769670486450195 88
1 6.153878450393677 32
1 8.472417116165161 46
1 15.123098850250244 60
1 4.785676956176758 26
0 3.05218768119812 14
1 4.792117118835449 24
1 3.7916183471679688 22
1 6.128036260604858 33
1 10.386539936065674 46
1 8.559483289718628 50
1 5.0305280685424805 26
1 13.936899423599243 64
1 5.061590909957886 26
1 5.025697946548462 26
1 7.066536903381348 32
1 6.247689247131348 38
1 8.321059226989746 41
0 2.1960015296936035 9
1 3.1357686519622803 16
1 5.380107402801514 30
0 6.651974201202393 30
1 6.338890314102173 31
0 6.828121900558472 30
state2
Expectimax
1 0.878394365310669 22
1 0.8002898693084717 21
1 2.3087799549102783 47
1 1.0066132545471191 26
1 1.2371635437011719 36
1 2.7085165977478027 52
1 2.796276092529297 58
1 3.347522258758545 56
1 2.8398172855377197 64
1 0.5802216529846191 14
1 1.046922206878662 19
0 8.728249073028564 174
1 1.3541202545166016 30
1 0.6971509456634521 14
1 0.8289155960083008 22
1 0.579643726348877 14
1 1.0766880512237549 22
1 1.4089837074279785 27
1 0.9700629711151123 21
1 2.456569194793701 53
1 0.802560567855835 20
1 1.7541170120239258 34
1 2.008432149887085 36
1 1.668956995010376 32
1 0.6826422214508057 14
1 1.3479704856872559 35
1 0.7155184745788574 21
1 4.334287881851196 92
1 0.7946488857269287 18
1 0.9455676078796387 20
1 0.6916186809539795 18
1 0.7926356792449951 22
1 0.8811237812042236 22
1 0.5050277709960938 14
1 0.8976807594299316 26
1 0.6753208637237549 19
1 0.6660799980163574 20
1 0.9484152793884277 20
1 0.6439998149871826 14
1 2.534426212310791 60
1 0.6546261310577393 14
1 1.2164218425750732 23
1 1.1091656684875488 33
1 1.570448637008667 28
1 0.8157720565795898 25
1 1.2296233177185059 28
1 0.7199501991271973 16
1 0.5680065155029297 14
1 0.5139942169189453 16
1 1.3901216983795166 33

 MonteCarlo
1 19.644168615341187 92
1 10.067936420440674 50
1 18.620384454727173 86
1 9.173555374145508 46
1 8.215486288070679 34
1 3.685882568359375 20
1 5.598730564117432 28
1 5.874389410018921 26
1 16.051453113555908 64
1 8.496341466903687 46
1 6.324091911315918 36
1 4.0522894859313965 22
1 26.110814809799194 118
1 5.235223054885864 28
1 8.772846937179565 44
1 6.028765439987183 30
-1 30.174107789993286 <bound method GameState.get_score of <game_state.GameState object at 0x0000019349C16248>>
1 6.342092514038086 36
1 7.885732412338257 38
-1 30.095081567764282 <bound method GameState.get_score of <game_state.GameState object at 0x0000019349B47FC8>>
1 4.294249057769775 20
1 2.7527577877044678 18
1 3.6972639560699463 18
0 8.099587202072144 29
1 2.8672237396240234 16
1 8.9075345993042 40
1 18.96682119369507 92
1 15.578122854232788 70
1 9.041343927383423 38
1 5.045392990112305 26
1 11.781842231750488 58
1 20.474730014801025 96
1 5.351505994796753 28
1 5.817168712615967 31
1 5.860267162322998 34
1 4.573871374130249 26
1 29.169602870941162 135
1 6.7309582233428955 34
1 18.496119022369385 90
1 7.61907172203064 44
1 4.391751527786255 33
1 5.440222501754761 38
1 21.975456476211548 112
1 2.630507707595825 18
1 11.158082246780396 62
1 3.0928406715393066 20
1 3.723207473754883 28
1 8.86893343925476 48
1 7.006472826004028 44
1 9.555524826049805 57
state3
Expectimax
1 1.3780884742736816 38
1 2.122042655944824 48
1 1.6770076751708984 48
1 4.8990397453308105 114
1 1.2499382495880127 31
1 0.9556136131286621 26
1 1.0330421924591064 28
1 2.2194933891296387 64
1 1.2424874305725098 34
1 3.9105660915374756 88
1 1.1793365478515625 26
1 3.1905391216278076 88
1 3.2888147830963135 64
1 2.1338469982147217 50
1 0.6615762710571289 25
1 0.7381815910339355 18
1 1.922109842300415 48
1 1.803645372390747 44
1 0.489241361618042 14
1 1.3753364086151123 45
0 3.953029155731201 94
1 2.3054795265197754 60
1 1.8647656440734863 56
1 1.8161468505859375 46
1 1.7887804508209229 50
1 3.3306994438171387 96
1 2.8935766220092773 70
1 0.5615220069885254 16
1 3.962156295776367 88
1 1.0797340869903564 30
1 2.331955671310425 52
1 3.694629192352295 93
1 3.128199815750122 68
1 2.563943386077881 59
1 1.102410078048706 34
1 7.025980234146118 136
1 1.0749871730804443 27
0 1.152001142501831 24
1 0.5249958038330078 16
1 2.1009302139282227 44
1 2.9869704246520996 66
1 2.7072055339813232 68
1 2.133358955383301 47
1 6.333522796630859 158
1 3.452653408050537 88
1 1.5891942977905273 38
1 0.7731533050537109 22
1 1.840219497680664 38
1 0.8620023727416992 20
1 0.932955265045166 28

 MonteCarlo
0 7.468800783157349 39
1 3.303987503051758 22
1 6.775459051132202 36
1 3.627609968185425 24
1 9.206719160079956 54
1 28.200743436813354 140
1 3.017305612564087 20
1 4.316236257553101 28
1 4.960702180862427 30
1 12.597986936569214 68
1 13.547440528869629 72
1 4.215423345565796 28
1 4.568147659301758 28
1 5.046890497207642 32
1 6.181185007095337 31
1 5.355602025985718 34
1 4.4007017612457275 25
1 15.728711366653442 86
1 11.540540933609009 70
1 12.3190438747406 68
1 9.932225227355957 58
1 4.459820747375488 30
1 16.206376552581787 90
1 3.7406258583068848 22
1 9.347843170166016 56
1 8.75035834312439 54
1 4.094017505645752 24
1 7.907569646835327 45
1 7.379577159881592 42
1 6.090157508850098 36
0 3.0441484451293945 19
1 6.507615566253662 36
1 7.434604167938232 48
1 13.143699407577515 60
1 1.7730042934417725 14
0 4.2285473346710205 27
1 14.531204223632812 80
1 17.431607484817505 93
1 4.624413251876831 30
1 3.2165756225585938 22
1 10.20493745803833 54
1 3.23226261138916 22
0 7.154333591461182 40
1 12.48617935180664 74
1 6.4568750858306885 42
1 5.006962060928345 32
1 4.381657600402832 28
1 8.808453798294067 50
1 5.1961376667022705 36
1 4.801331996917725 28
