state1
Expectimax
1 0.49283313751220703 15
0 0.2296772003173828 10
1 1.6497344970703125 58
1 0.5112662315368652 17
1 0.5461065769195557 24
1 0.4661574363708496 19
1 0.7648937702178955 24
1 1.3746576309204102 50
1 0.39182043075561523 16
1 0.43474364280700684 16
1 0.5950727462768555 23
1 0.5536351203918457 16
1 0.5859694480895996 20
1 0.8034689426422119 28
1 0.8581018447875977 28
1 0.7277085781097412 22
1 1.167229413986206 52
1 0.5467503070831299 19
1 0.6665916442871094 35
1 0.7987143993377686 32
1 0.5245099067687988 16
1 0.6185224056243896 24
1 0.6066019535064697 20
1 0.7662711143493652 28
1 1.4847283363342285 46
1 1.4051806926727295 45
1 0.4810373783111572 17
1 0.6026430130004883 21
1 0.6083323955535889 25
1 0.4923896789550781 21
1 0.6960318088531494 30
1 0.6288933753967285 20
1 0.5061728954315186 15
1 0.4181644916534424 16
1 1.51655912399292 48
1 0.29426026344299316 15
1 0.5205893516540527 22
1 0.45660901069641113 18
1 1.807016372680664 75
0 0.4816396236419678 16
1 0.5745670795440674 18
1 0.7987432479858398 26
1 0.6486790180206299 22
1 0.895535945892334 32
1 0.5571682453155518 22
1 1.874157428741455 64
1 0.8056097030639648 27
1 1.059267282485962 38
1 1.2940952777862549 64
1 0.4984581470489502 21

 MonteCarlo
1 4.884655237197876 45
1 3.4921422004699707 29
1 2.6322269439697266 23
1 3.796043634414673 34
1 1.852705955505371 19
0 0.9373564720153809 7
1 4.5963873863220215 38
1 2.399338722229004 22
1 3.540236473083496 34
1 5.7430126667022705 48
1 11.83977460861206 86
1 4.498468399047852 36
1 5.280688047409058 41
1 1.8366191387176514 17
0 0.9374489784240723 8
1 8.518549680709839 58
1 2.1139142513275146 20
1 2.290468454360962 21
1 6.7891926765441895 50
1 8.268769264221191 62
1 4.241738319396973 36
1 3.194891929626465 28
1 16.199549913406372 113
1 2.6651785373687744 22
1 13.864030599594116 94
1 5.463855028152466 46
1 19.14525580406189 120
1 3.6242239475250244 31
1 8.675209999084473 64
1 7.060088872909546 49
0 9.9786696434021 67
1 4.540910243988037 39
1 5.671616792678833 48
1 6.095638275146484 54
1 9.319827795028687 63
1 5.221412420272827 42
1 5.048029899597168 44
1 8.220760822296143 52
1 6.225205659866333 45
1 7.515995740890503 56
1 8.961161613464355 62
1 1.9379093647003174 18
1 2.5334839820861816 27
1 3.61649227142334 33
1 3.9621124267578125 36
1 4.666346311569214 32
1 1.6656389236450195 16
1 4.981741905212402 42
1 5.296217918395996 40
1 1.5257303714752197 14
state2
Expectimax
1 0.5161280632019043 14
1 0.80039381980896 26
1 0.9464833736419678 42
1 4.3533875942230225 120
1 0.517603874206543 14
1 0.5311920642852783 14
1 0.4964005947113037 18
1 0.7512032985687256 20
1 0.4687662124633789 14
1 3.197842597961426 95
1 0.6093215942382812 22
1 0.3749518394470215 14
1 4.703611850738525 140
1 0.4374527931213379 14
1 0.718670129776001 26
0 3.7694461345672607 112
1 0.41042089462280273 14
1 0.4687008857727051 16
1 0.484372615814209 21
1 0.390533447265625 14
1 0.859332799911499 29
1 0.7030532360076904 24
1 0.7655432224273682 31
1 0.681251049041748 20
1 0.36659669876098633 16
1 1.094923734664917 34
1 0.8293273448944092 23
1 0.687420129776001 24
1 0.8528180122375488 29
1 0.6093132495880127 18
1 0.571610689163208 19
1 0.562443733215332 26
1 0.5936851501464844 22
1 0.453141450881958 14
1 1.3294250965118408 44
1 0.375011682510376 16
1 0.5997474193572998 30
1 0.7909023761749268 24
1 0.7824306488037109 25
1 2.359126329421997 70
1 1.2342395782470703 40
1 0.7267236709594727 30
1 0.43885016441345215 19
1 1.086010456085205 36
1 0.4700796604156494 16
1 0.3905761241912842 14
1 0.8904790878295898 28
1 0.4843568801879883 16
1 0.4062349796295166 16
1 1.7841136455535889 55

 MonteCarlo
1 17.18652319908142 124
1 8.462969064712524 62
1 11.947941541671753 101
1 3.497379779815674 26
1 3.321446418762207 34
1 5.9043052196502686 54
1 13.385265588760376 114
0 4.965745687484741 40
1 7.071732759475708 66
1 5.653402328491211 40
1 10.256072521209717 86
1 13.171093702316284 104
1 9.019347429275513 68
1 5.48401951789856 40
1 6.950996398925781 68
1 4.370551586151123 38
1 6.413822412490845 52
1 15.159374237060547 120
1 8.22054648399353 64
1 5.797994136810303 43
1 3.5563182830810547 26
1 8.169046401977539 65
1 6.244708299636841 50
1 5.343887567520142 49
1 6.422191143035889 54
1 3.4250001907348633 28
1 3.8104310035705566 31
1 2.9376795291900635 23
1 5.755887508392334 50
1 3.2678539752960205 33
1 4.977219104766846 34
1 4.067744731903076 37
0 4.838732481002808 31
1 1.8434176445007324 16
1 8.167055368423462 67
1 13.672887086868286 104
1 6.742621421813965 57
1 6.939347982406616 48
1 4.780784368515015 32
1 4.59119176864624 38
1 4.377105474472046 41
1 6.98329496383667 59
1 4.185272216796875 32
1 7.428839445114136 69
1 4.165327787399292 30
1 3.7838637828826904 33
1 8.360226392745972 66
1 16.797438144683838 147
1 6.090594053268433 44
1 9.352855205535889 73
state3
Expectimax
1 1.0467610359191895 28
1 1.4175469875335693 42
1 1.343287706375122 44
0 1.5082027912139893 47
1 2.250976085662842 76
1 2.063584566116333 54
1 1.1249022483825684 38
1 1.9082293510437012 58
1 1.4392571449279785 52
1 0.9842667579650879 32
1 1.8414592742919922 58
1 1.8370873928070068 62
0 2.6343607902526855 97
1 2.5645434856414795 74
1 0.5624775886535645 18
1 0.9999103546142578 30
1 1.9162688255310059 56
1 1.3528454303741455 36
1 0.5403337478637695 22
1 1.406097412109375 40
0 1.2811188697814941 38
1 0.5078761577606201 22
1 1.3735716342926025 46
1 1.3452532291412354 42
1 0.3919646739959717 17
1 3.0699925422668457 92
1 0.6979856491088867 24
0 1.5758485794067383 45
1 1.6501996517181396 56
1 3.788266658782959 98
1 2.1340279579162598 60
1 0.4687511920928955 16
1 2.2810094356536865 56
1 4.431478500366211 122
1 6.0857648849487305 154
1 1.4027304649353027 42
1 5.843111276626587 156
1 0.9374082088470459 30
1 3.5621049404144287 114
1 0.48427796363830566 24
1 2.0950756072998047 56
1 2.0482025146484375 74
1 6.275895833969116 160
1 1.304643154144287 50
1 1.079530954360962 32
1 0.8227872848510742 31
1 2.026195526123047 56
1 3.988558053970337 120
0 1.6918106079101562 55
1 0.6091725826263428 28

 MonteCarlo
-1 30.05081295967102 <bound method GameState.get_score of <game_state.GameState object at 0x00000232D036E808>>
1 15.364994287490845 102
1 3.5592362880706787 26
0 8.901561975479126 69
-1 30.18651795387268 <bound method GameState.get_score of <game_state.GameState object at 0x00000232D0306688>>
0 7.4826037883758545 49
1 20.331185340881348 110
1 1.8217976093292236 16
1 26.221580505371094 166
-1 30.010590076446533 <bound method GameState.get_score of <game_state.GameState object at 0x00000232CF0D5048>>
-1 30.15307307243347 <bound method GameState.get_score of <game_state.GameState object at 0x00000232D031A708>>
0 23.52321434020996 137
-1 30.115286350250244 <bound method GameState.get_score of <game_state.GameState object at 0x00000232D0354348>>
-1 30.071016311645508 <bound method GameState.get_score of <game_state.GameState object at 0x00000232D0340308>>
-1 30.147653579711914 <bound method GameState.get_score of <game_state.GameState object at 0x00000232CF5A0E08>>
-1 30.000890970230103 <bound method GameState.get_score of <game_state.GameState object at 0x00000232D0340408>>
-1 30.062403678894043 <bound method GameState.get_score of <game_state.GameState object at 0x00000232D0326A48>>
1 2.1639585494995117 18
-1 30.098514556884766 <bound method GameState.get_score of <game_state.GameState object at 0x00000232CF405048>>
0 12.047247171401978 75
1 14.099732637405396 94
1 4.722050666809082 36
1 23.3967068195343 145
1 13.384274005889893 80
-1 30.19278597831726 <bound method GameState.get_score of <game_state.GameState object at 0x00000232D0355108>>
1 27.446280241012573 164
-1 30.13810658454895 <bound method GameState.get_score of <game_state.GameState object at 0x00000232D0340648>>
1 3.9617912769317627 32
-1 30.144869804382324 <bound method GameState.get_score of <game_state.GameState object at 0x00000232D0306FC8>>
-1 30.032069206237793 <bound method GameState.get_score of <game_state.GameState object at 0x00000232D034E748>>
-1 30.127712965011597 <bound method GameState.get_score of <game_state.GameState object at 0x00000232D032F3C8>>
1 22.22859787940979 136
0 17.125449895858765 108
-1 30.03408122062683 <bound method GameState.get_score of <game_state.GameState object at 0x00000232D032D7C8>>
-1 30.121771574020386 <bound method GameState.get_score of <game_state.GameState object at 0x00000232D0346508>>
1 18.69119668006897 108
1 20.74230432510376 120
-1 30.14598774909973 <bound method GameState.get_score of <game_state.GameState object at 0x00000232D0346948>>
-1 30.123920679092407 <bound method GameState.get_score of <game_state.GameState object at 0x00000232D032DF88>>
1 7.971006631851196 52
-1 30.177110195159912 <bound method GameState.get_score of <game_state.GameState object at 0x00000232D0306908>>
-1 30.043512105941772 <bound method GameState.get_score of <game_state.GameState object at 0x00000232D0337A48>>
1 29.698521852493286 176
1 22.452296018600464 132
-1 30.088896989822388 <bound method GameState.get_score of <game_state.GameState object at 0x00000232D032B1C8>>
-1 30.17647075653076 <bound method GameState.get_score of <game_state.GameState object at 0x00000232D0342CC8>>
1 16.649132251739502 100
-1 30.03436040878296 <bound method GameState.get_score of <game_state.GameState object at 0x00000232D0326888>>
1 22.437090158462524 136
-1 30.1861572265625 <bound method GameState.get_score of <game_state.GameState object at 0x00000232D0340948>>
