state1
Expectimax
1 0.08472967147827148 6
0 0.0312504768371582 2
1 0.053476572036743164 6
0 0.0169370174407959 1
1 0.10499405860900879 6
1 0.07257914543151855 6
0 0.020802974700927734 1
1 0.09267544746398926 6
1 0.051071882247924805 6
0 0.01019144058227539 1
0 0.04054689407348633 2
1 0.05090045928955078 6
1 0.09143233299255371 6
1 0.09215259552001953 6
1 0.0826864242553711 6
1 0.10980606079101562 6
1 0.10412073135375977 6
0 0.020334482192993164 1
1 0.09020876884460449 8
1 0.08463311195373535 6
0 0.031156063079833984 2
0 0.018222570419311523 1
1 0.05280113220214844 6
0 0.018207311630249023 1
1 0.08444976806640625 6
0 0.0203399658203125 1
1 0.06898736953735352 9
1 0.06294465065002441 6
1 0.08227229118347168 6
1 0.05192279815673828 6
0 0.018621444702148438 1
0 0.0126190185546875 1
1 0.0899498462677002 6
0 0.04253196716308594 2
0 0.02005290985107422 1
1 0.07152628898620605 6
1 0.052095651626586914 7
1 0.05066204071044922 6
0 0.010129690170288086 1
1 0.08182263374328613 6
0 0.010229825973510742 1
1 0.09020447731018066 6
1 0.0645291805267334 6
0 0.010341167449951172 1
1 0.0520634651184082 6
0 0.02091836929321289 1
0 0.010267019271850586 1
0 0.018575668334960938 1
0 0.01248311996459961 1
1 0.1121058464050293 9

 MonteCarlo
0 0.10163259506225586 2
0 0.05067133903503418 1
0 0.3264153003692627 5
0 0.09299635887145996 2
0 0.05164742469787598 1
1 0.33849024772644043 8
1 0.5038955211639404 10
0 0.19561553001403809 4
0 0.20663189888000488 3
0 0.05208563804626465 1
0 0.1436760425567627 3
0 0.14265680313110352 3
0 0.04380679130554199 1
0 0.13397908210754395 2
0 0.3907289505004883 7
1 0.38139772415161133 8
0 0.10409832000732422 2
0 0.09242844581604004 2
0 0.1850895881652832 3
0 0.04932093620300293 1
0 0.1448664665222168 3
0 0.06461906433105469 1
0 0.2470240592956543 5
0 0.05080866813659668 1
1 0.8511967658996582 16
0 0.10196185111999512 2
0 0.16473150253295898 3
0 0.050775766372680664 1
0 0.048627614974975586 1
1 0.3052644729614258 6
0 0.09523248672485352 2
0 0.05064558982849121 1
0 0.2790665626525879 6
0 0.05212664604187012 1
0 0.051934242248535156 1
0 0.05193781852722168 1
0 0.05193901062011719 1
0 0.06224417686462402 1
0 0.29409217834472656 6
0 0.051286935806274414 1
0 0.16408038139343262 3
0 0.06188535690307617 1
0 0.050711631774902344 1
0 0.1319270133972168 2
1 0.2798292636871338 6
0 0.041632890701293945 1
0 0.052176475524902344 1
0 0.16654372215270996 3
0 0.049492835998535156 1
1 2.5103402137756348 46
state2
Expectimax
0 0.0022401809692382812 1
1 0.010381460189819336 6
0 0.01045536994934082 3
1 0.010520696640014648 6
1 0.010452508926391602 6
1 0.018561601638793945 6
0 0.002248525619506836 4
1 0.02071690559387207 6
1 0.01034092903137207 6
1 0.01049494743347168 6
1 0.018499135971069336 6
1 0.012423992156982422 6
1 0.010338306427001953 6
1 0.020357131958007812 6
1 0.010424137115478516 6
0 0.008203268051147461 1
1 0.013735532760620117 6
0 0.0023572444915771484 1
1 0.01722407341003418 6
1 0.010138750076293945 6
1 0.020359277725219727 8
1 0.02035999298095703 6
1 0.010113954544067383 6
1 0.020359039306640625 8
1 0.020266294479370117 6
0 0.0 1
0 0.0 1
0 0.008105278015136719 1
0 0.002056121826171875 1
1 0.010158300399780273 6
1 0.02830648422241211 10
0 0.0020704269409179688 2
1 0.01819157600402832 6
1 0.01230931282043457 6
1 0.02035975456237793 6
1 0.008047103881835938 6
0 0.020128250122070312 4
1 0.01229405403137207 6
0 0.0 1
0 0.008080005645751953 1
1 0.012154102325439453 6
0 0.01013493537902832 5
1 0.018156766891479492 6
0 0.010375022888183594 4
1 0.02287912368774414 10
0 0.008240938186645508 1
1 0.012470006942749023 6
1 0.018259048461914062 6
0 0.012212514877319336 4
0 0.0 1

 MonteCarlo
0 0.030459880828857422 1
1 0.3155336380004883 10
0 0.19302034378051758 5
0 0.033442020416259766 1
1 0.18695759773254395 6
0 0.2272200584411621 5
1 0.2583160400390625 8
1 0.3139772415161133 10
0 0.35646820068359375 11
0 0.04055452346801758 1
0 0.3430299758911133 10
0 0.1135096549987793 3
0 0.1757493019104004 5
1 0.3783378601074219 12
0 0.12525057792663574 3
1 0.2628912925720215 8
1 0.2492048740386963 8
0 0.043848276138305664 1
0 0.36901044845581055 8
0 0.08205008506774902 2
0 0.19550490379333496 5
1 0.24132108688354492 8
0 0.27744507789611816 8
1 0.19100213050842285 6
0 0.05264782905578613 1
1 0.19205641746520996 6
1 0.3965449333190918 10
0 0.031063318252563477 1
0 0.04351186752319336 1
0 0.030401229858398438 1
0 0.03041815757751465 1
1 0.21367383003234863 6
0 0.04092860221862793 1
1 0.49155545234680176 16
1 0.25841641426086426 8
1 0.5421521663665771 16
0 0.4722321033477783 16
1 0.29120302200317383 10
0 0.03046703338623047 1
0 0.08805322647094727 2
1 0.259857177734375 8
0 0.028970956802368164 1
1 0.25933003425598145 8
0 0.15664172172546387 4
0 0.12096047401428223 3
1 0.19488835334777832 6
0 0.1665024757385254 5
1 0.4153866767883301 14
1 0.24897336959838867 8
0 0.04066658020019531 1
