state1
Expectimax
1 7.392629384994507 24
1 18.562294483184814 24
1 10.73412013053894 26
1 14.394802331924438 25
1 15.70081877708435 25
1 22.614816188812256 33
1 10.960768461227417 26
1 7.540041446685791 31
1 12.261317491531372 24
1 7.501404047012329 23
1 11.49241042137146 24
1 16.85806393623352 24
1 16.079091548919678 24
1 16.873814344406128 24
1 16.793924808502197 23
1 11.352635145187378 28
1 11.0268714427948 26
1 34.559635400772095 50
1 8.246731519699097 26
1 11.90740442276001 32
1 15.896508693695068 23
1 10.889854907989502 30
1 18.443410634994507 30
1 17.685127019882202 28
1 12.426755905151367 24
1 15.222419500350952 31
1 17.538277864456177 24
1 11.281664371490479 28
1 10.14927887916565 24
1 6.830807447433472 27
1 21.590826749801636 27
1 19.65829372406006 42
1 13.68238115310669 23
1 8.163119792938232 24
1 11.060723066329956 25
1 15.380607843399048 27
1 17.736344814300537 23
1 17.724905729293823 29
0 28.76280403137207 46
1 6.500538349151611 24
1 10.804990291595459 23
1 12.789742946624756 24
1 16.286808729171753 27
1 17.369147539138794 33
1 8.309011220932007 27
1 14.10804295539856 24
1 9.804902076721191 24
1 10.83101773262024 28
1 15.670362710952759 23
1 40.106547594070435 68

 MonteCarlo
0 4.102477550506592 14
1 8.884286880493164 31
1 12.603605031967163 48
1 17.528264045715332 60
1 22.447765827178955 76
1 21.936748266220093 72
1 18.145153045654297 61
1 27.551227569580078 99
1 23.81197452545166 90
1 10.761238098144531 41
1 12.63585638999939 46
1 13.20392632484436 44
1 14.126498699188232 53
1 23.80608367919922 77
1 7.67403244972229 30
1 12.854000091552734 46
1 12.337618112564087 43
1 16.5845730304718 56
1 16.42168879508972 60
1 25.55040979385376 81
1 14.599819898605347 49
1 22.06307554244995 77
1 18.432265520095825 63
1 20.7523250579834 74
1 17.165191173553467 58
1 19.562041521072388 65
1 9.855364322662354 34
1 29.902570962905884 98
1 13.137660026550293 46
1 16.20933747291565 59
1 11.263978242874146 43
0 2.0997321605682373 8
1 18.752275228500366 63
1 10.788114070892334 38
1 10.712106466293335 40
1 19.795965671539307 80
1 15.392657041549683 52
0 3.427765369415283 11
1 20.43384099006653 72
1 23.355079412460327 86
1 14.062989473342896 49
1 24.641358613967896 76
1 10.556817770004272 40
1 15.030417442321777 59
1 37.39711880683899 127
1 19.354037523269653 68
1 12.748899936676025 45
1 13.271959066390991 42
1 13.328953981399536 50
1 17.906005144119263 66
state2
Expectimax
1 24.62669014930725 59
0 49.56073832511902 113
1 15.633361577987671 30
1 37.36659026145935 66
0 3.483617067337036 7
1 12.068537950515747 26
1 10.797365665435791 28
1 15.941860914230347 38
1 31.793392419815063 98
1 18.632325649261475 38
1 12.233716249465942 30
1 13.962102174758911 36
1 21.264505624771118 36
-1 563.9878532886505 <bound method GameState.get_score of <game_state.GameState object at 0x000001E9D0A4E488>>
1 17.016761779785156 31
1 11.310469150543213 28
1 8.902517795562744 25
1 9.261518001556396 22
1 17.393279552459717 44
1 22.54033851623535 58
1 14.079337120056152 34
1 8.755908966064453 22
1 8.09955883026123 37
1 11.42585563659668 34
1 38.41048717498779 77
1 47.806039571762085 73
1 17.114745378494263 34
1 10.238987684249878 34
1 17.178259134292603 30
1 19.826415538787842 36
1 28.011982202529907 86
1 8.51941990852356 22
1 8.3334219455719 26
1 14.999760389328003 28
1 16.975078582763672 35
1 18.980194807052612 33
1 27.434017181396484 38
1 14.068127393722534 32
1 15.354462385177612 26
1 10.564930438995361 30
1 14.845257997512817 52
1 10.059346914291382 36
0 2.618999719619751 9
1 25.208693504333496 58
1 10.863800287246704 22
1 27.931296586990356 76
1 20.810579538345337 38
1 7.333584547042847 24
1 12.082566022872925 25
1 17.554349660873413 38

 MonteCarlo
1 11.650901794433594 42
1 13.21657681465149 46
0 0.2967870235443115 1
0 0.9152195453643799 3
0 0.24996232986450195 1
0 0.2655923366546631 1
0 4.636610269546509 19
0 1.312361717224121 5
0 0.7186779975891113 2
1 12.320228815078735 42
0 2.0154054164886475 7
1 10.538907766342163 44
0 0.2343275547027588 1
0 3.0331947803497314 10
0 0.5311980247497559 2
0 0.7655384540557861 5
0 0.17186331748962402 1
1 15.019622087478638 54
0 1.227935552597046 5
1 11.203110933303833 37
0 0.9998781681060791 4
0 1.847865343093872 7
0 1.681023120880127 5
0 1.0623350143432617 4
1 8.78219485282898 32
0 0.35933375358581543 2
0 0.234299898147583 1
0 0.578113317489624 2
0 1.8435077667236328 6
0 1.587367057800293 7
1 11.49974012374878 39
0 4.343233108520508 16
1 8.5018892288208 35
0 0.9781081676483154 4
0 0.18743276596069336 1
0 0.2423570156097412 1
1 7.242266416549683 28
0 0.7967879772186279 2
0 0.10936617851257324 1
1 8.411813497543335 30
0 0.859281063079834 3
0 0.23434782028198242 1
0 0.17180848121643066 1
0 0.4687473773956299 2
0 0.828031063079834 3
0 0.20310735702514648 1
1 10.683403968811035 38
0 0.23560786247253418 1
1 8.174257516860962 29
0 0.5468258857727051 2
state3
Expectimax
1 15.580329656600952 28
1 20.67259430885315 24
1 10.757131576538086 24
1 8.956901550292969 34
1 13.117555618286133 28
1 8.513755798339844 22
1 16.705973863601685 24
1 17.067824125289917 40
1 12.390797853469849 32
1 20.509687185287476 60
1 16.372156143188477 37
1 10.263184785842896 22
1 22.309576272964478 40
1 12.406925439834595 32
1 11.227326393127441 34
1 22.178292512893677 34
1 5.197805404663086 22
1 13.40950870513916 42
1 6.35380482673645 22
1 9.516918420791626 28
1 18.383560180664062 35
1 11.001112699508667 22
1 32.99219584465027 51
1 9.625224351882935 22
1 10.989799737930298 22
1 15.831475257873535 34
1 24.36441445350647 42
1 14.84225583076477 38
1 11.587522983551025 22
1 8.964653015136719 24
1 9.907689094543457 22
1 28.115804433822632 42
1 14.657026767730713 28
1 13.335087060928345 32
1 16.451088905334473 34
1 23.427783489227295 32
1 8.098744630813599 24
1 7.574345827102661 24
1 13.489800930023193 24
1 9.387157440185547 24
1 10.978800296783447 22
1 12.786673307418823 30
0 6.918459415435791 21
0 23.536728382110596 46
1 11.569974422454834 30
1 22.991695404052734 38
1 7.170181751251221 22
1 12.52390742301941 32
1 13.287997961044312 28
1 8.548489809036255 26

 MonteCarlo
1 16.58698797225952 60
1 19.48630404472351 72
1 12.423338174819946 45
1 17.801252365112305 68
1 13.539618492126465 48
1 15.505723714828491 58
1 20.375296592712402 71
1 15.530486345291138 51
1 15.773288249969482 56
1 16.16613245010376 65
1 17.935103178024292 66
1 19.56223225593567 74
1 13.90045166015625 48
1 14.015799760818481 52
1 20.67378520965576 74
1 26.387960195541382 84
1 16.86811637878418 59
1 12.998678922653198 50
1 9.745026111602783 34
1 17.935261726379395 58
1 17.58467125892639 64
1 16.32063364982605 56
1 17.190566539764404 63
1 18.416459560394287 66
1 22.326420545578003 74
1 10.038892269134521 38
1 16.258734464645386 54
1 11.890949964523315 46
0 4.0215044021606445 16
1 17.533342599868774 66
1 14.937122106552124 52
1 16.973145484924316 62
1 20.529935359954834 74
1 18.14971923828125 66
1 17.21572518348694 60
1 14.696820974349976 54
1 17.767585277557373 66
1 14.302083492279053 50
1 12.988139867782593 50
1 10.809415817260742 40
1 13.324904680252075 46
1 17.607283353805542 68
1 23.19198250770569 83
1 13.461309432983398 50
1 18.30464482307434 62
1 17.88122582435608 59
1 23.95432424545288 86
1 21.981655836105347 70
1 18.296173572540283 60
1 16.008333444595337 58
state4
Expectimax
1 9.117289543151855 22
1 12.028183698654175 22
1 19.31297016143799 32
1 7.620919942855835 24
1 79.94506978988647 135
1 16.571220874786377 38
1 18.89555263519287 28
1 13.984369277954102 36
1 26.470083475112915 47
1 7.921222686767578 24
1 10.696377515792847 27
1 11.949536800384521 23
1 7.552743196487427 22
1 4.126060485839844 21
1 16.619230031967163 34
1 13.114808797836304 25
1 12.009173154830933 27
1 6.42404317855835 24
1 9.580242395401001 22
1 9.716765403747559 24
1 21.20630192756653 34
1 8.23065185546875 22
1 11.742742538452148 28
1 6.102358102798462 23
-1 463.7340223789215 <bound method GameState.get_score of <game_state.GameState object at 0x000001E9D0A3A488>>
1 11.306460857391357 25
1 9.673352479934692 26
1 17.376556396484375 27
1 21.433448314666748 33
1 29.607017755508423 50
1 16.161129474639893 29
1 19.021700620651245 34
1 18.11295747756958 26
1 11.38882327079773 32
1 11.891436100006104 28
1 6.134689807891846 26
1 8.899121522903442 22
1 8.928147554397583 23
1 11.335816621780396 22
1 8.402349710464478 26
1 26.94972252845764 37
1 20.833160400390625 38
1 84.71788215637207 112
1 10.23766303062439 22
1 17.568472146987915 38
1 45.05411124229431 86
1 43.91674590110779 66
1 13.363997459411621 29
1 32.81981110572815 44
1 27.344242095947266 42

 MonteCarlo
1 35.07304382324219 112
1 39.58617043495178 119
1 58.779982566833496 176
1 12.104753494262695 44
1 35.03228449821472 108
1 16.662591695785522 58
1 8.06184697151184 31
1 40.505048513412476 116
1 15.204697370529175 53
1 11.464778661727905 40
1 39.483896255493164 116
1 8.555322885513306 32
1 20.374100923538208 73
1 15.177469491958618 55
1 15.380181312561035 60
1 23.629108428955078 80
1 21.01735758781433 66
1 8.923535108566284 34
1 21.460657596588135 71
1 11.097766876220703 38
1 43.78030705451965 138
1 56.266356468200684 169
1 11.739962577819824 37
1 20.3429012298584 66
1 19.031299829483032 65
1 38.42778158187866 118
1 48.255223989486694 146
1 19.811840057373047 64
0 28.935062408447266 84
1 11.632952213287354 38
1 12.120533466339111 42
1 10.350856065750122 36
1 38.71702289581299 120
1 12.143927812576294 44
1 35.11503076553345 110
1 10.427231073379517 38
1 14.12253737449646 52
1 19.72799849510193 58
1 8.143433094024658 30
1 20.270965337753296 70
1 7.262943506240845 28
1 34.92753052711487 112
1 8.61203670501709 30
1 14.447380065917969 48
1 15.72325325012207 56
1 36.17337512969971 108
1 23.561102867126465 72
1 25.592777967453003 81
1 22.51988172531128 68
1 52.554277420043945 159
