state1									
Expectimax									
1	29.17674685	41							
1	42.12193513	76							
1	31.58858275	58							
1	46.25322986	57							
1	23.02457023	35							
1	31.76511908	40							
1	33.63736987	48							
1	26.82102156	37							
1	27.34306335	57							
1	25.13645625	77							
1	22.95480442	60							
1	54.2556994	68							
1	28.7315402	39							
1	25.28467083	39							
1	30.20852041	46							
1	42.08404303	48							
1	24.67824936	33							
1	33.85907793	50							
1	37.76798463	47							
1	24.82272267	48							
1	24.23060679	35							
1	31.83206964	57							
1	32.6854887	42							
1	23.10828543	41							
1	18.72270799	63							
-1	180.0536628	<bound	method	GameState.get_score	of	<game_state.GameState	object	at	0x000001E9D19EAD08>>
1	32.24251509	57							
1	31.62075448	40							
1	29.12224555	40							
1	20.42019534	38							
1	18.36202884	36							
1	26.75606132	39							
1	27.05323148	43							
1	77.44271564	92							
1	17.15869117	40							
1	45.20310163	46							
1	61.5629456	86							
1	28.49044418	42							
1	34.4875741	43							
-1	6883.638201	<bound	method	GameState.get_score	of	<game_state.GameState	object	at	0x000001E9D19A0348>>
1	25.54125714	36							
1	26.6305778	39							
1	32.87501597	44							
1	23.55056882	39							
1	25.18709993	37							
1	31.60282969	56							
1	34.50512695	72							
-1	8799.083749	<bound	method	GameState.get_score	of	<game_state.GameState	object	at	0x000001E9D19DF048>>
1	42.95526981	51							
-1	180.0826814	<bound	method	GameState.get_score	of	<game_state.GameState	object	at	0x000001E9D196A208>>
									
	MonteCarlo								
1	29.56183815	66							
1	28.99788213	69							
1	26.95830941	61							
1	39.41771007	90							
1	31.62918425	72							
1	43.16557288	100							
1	74.76602006	189							
1	42.42044926	97							
1	43.26759839	106							
1	50.85914063	111							
1	41.79094028	101							
1	44.14095879	97							
1	41.94574213	95							
1	41.91722655	101							
1	77.4806664	179							
1	48.96416235	125							
1	78.41334653	169							
1	60.2581501	139							
1	32.42172742	80							
1	41.34902191	93							
1	29.49196196	74							
1	23.57050109	61							
1	38.98057008	86							
1	81.01576376	181							
1	52.88069963	127							
1	39.25241566	92							
1	37.47519183	87							
1	23.524472	54							
1	52.91784453	115							
1	82.83574033	171							
1	33.13724899	75							
1	64.16296411	145							
1	44.74746227	105							
1	57.51785636	137							
-1	4709.277939	<bound	method	GameState.get_score	of	<game_state.GameState	object	at	0x000001E9D19A7748>>
1	51.17723942	114							
1	59.59267139	141							
1	35.78889394	78							
1	49.49463654	115							
1	53.50824666	124							
1	67.64417791	151							
1	59.75256515	149							
1	39.00399947	87							
1	41.56143832	94							
1	40.25030565	96							
1	30.64927864	71							
1	59.63495278	153							
1	34.70119905	74							
1	58.18365741	143							
1	44.72789741	105							
state2									
Expectimax									
1	17.99864888	42							
1	30.28343558	46							
1	15.73427296	48							
1	32.2390914	74							
1	55.36506057	160							
1	29.75947046	52							
1	41.65036464	118							
1	13.45486736	34							
1	64.40122867	92							
0	52.8709321	183							
1	16.91559196	48							
1	16.66873455	48							
1	49.09269309	112							
1	36.9477284	66							
1	26.74772692	58							
1	40.20111489	40							
1	25.95162749	68							
1	16.63243866	36							
1	16.70615959	46							
1	61.31129527	74							
1	25.21537924	54							
1	25.17461467	38							
1	95.38732433	152							
1	12.60649371	38							
1	17.07493186	40							
1	16.5197618	30							
1	22.24087954	54							
1	19.04530573	46							
1	11.53233433	34							
1	17.86731672	76							
1	26.18427253	36							
1	25.99143314	74							
1	61.77951503	180							
1	29.05132627	34							
1	38.59038448	92							
1	48.73061252	102							
1	14.97532892	46							
1	57.52195549	152							
1	38.56543112	146							
1	26.70127773	60							
1	39.82265663	76							
1	25.1189568	60							
1	19.45632172	54							
1	26.85193634	50							
1	13.7519412	40							
1	24.39061356	44							
1	30.50168514	48							
1	14.40483236	36							
0	35.88451934	93							
1	15.20380449	36							
									
	MonteCarlo								
1	41.92907596	100							
1	51.81888318	119							
1	43.88302231	101							
1	42.94577193	106							
1	35.90329647	96							
1	26.48425651	70							
1	26.76189613	64							
1	41.01212502	112							
1	39.69042468	94							
1	48.2294476	118							
1	32.75852132	98							
0	11.34758186	34							
1	51.76889038	139							
1	41.09492636	97							
0	2.856187582	10							
1	51.40406489	129							
1	39.55183983	94							
1	40.63825321	106							
1	45.87694883	106							
1	43.18477559	100							
1	46.67003107	106							
1	45.0819118	122							
1	44.90272832	110							
1	54.48047042	124							
1	28.19837523	81							
1	28.0072844	66							
1	44.09310699	104							
1	30.31715751	74							
0	30.29884267	60							
1	26.98080993	70							
1	41.97464395	98							
1	35.9675355	83							
1	52.11750937	122							
1	53.70716333	77							
1	164.3883908	130							
1	125.7000201	108							
-1	180.0133302	<bound	method	GameState.get_score	of	<game_state.GameState	object	at	0x000001E9D19FC048>>
1	95.0754869	89							
0	42.7027905	45							
1	67.99027586	58							
1	178.7057884	145							
0	81.25688076	79							
1	112.469347	93							
1	135.8619769	103							
1	102.0842733	90							
1	136.8493919	123							
1	112.4233811	95							
1	128.8368983	105							
1	105.802242	90							
1	131.5415757	122							
state3									
Expectimax									
1	24.99336028	46							
1	40.18131375	95							
1	85.55410457	66							
1	71.19124603	54							
1	144.1823254	126							
1	71.63417387	38							
1	51.19471884	42							
1	74.27399206	64							
-1	180.9418967	<bound	method	GameState.get_score	of	<game_state.GameState	object	at	0x000001E9D1977548>>
1	75.11895466	48							
1	133.7854307	70							
1	87.24405861	44							
-1	182.6634984	<bound	method	GameState.get_score	of	<game_state.GameState	object	at	0x000001E9D19717C8>>
1	100.670414	62							
1	142.2124915	104							
1	24.72603297	40							
1	22.89443231	40							
1	86.23423457	110							
1	85.03833199	120							
1	101.924655	148							
1	30.76690626	54							
1	54.21485662	118							
1	37.90839672	88							
1	22.38123107	64							
1	51.09008908	102							
1	28.91904759	54							
1	40.79544473	66							
1	29.24043202	67							
1	35.69497275	65							
1	35.53370547	58							
1	29.76719737	54							
1	28.44571567	76							
1	67.55774665	135							
1	53.54600406	144							
1	14.25092983	34							
1	29.71712136	66							
1	23.04669642	44							
1	23.71174049	44							
1	29.33195591	46							
1	20.24295759	46							
1	21.00846982	47							
1	44.41536474	94							
1	14.30345345	40							
1	24.49458957	48							
1	20.20555568	38							
1	29.40030909	56							
1	38.03409338	82							
1	22.31816721	48							
1	28.70314264	56							
1	53.05431342	91							
									
	MonteCarlo								
0	87.82891273	198							
0	178.0748243	391							
0	30.02815723	71							
0	64.14523435	133							
-1	180.398948	<bound	method	GameState.get_score	of	<game_state.GameState	object	at	0x000001E9D19FBF48>>
0	92.44594932	203							
0	54.59966254	122							
0	42.19157743	100							
0	49.3691051	109							
0	135.3583274	334							
0	157.8857663	357							
-1	929.7684138	<bound	method	GameState.get_score	of	<game_state.GameState	object	at	0x000001E9D19E94C8>>
0	14.79230881	28							
0	46.18581986	106							
1	22.30235267	48							
0	5.372323275	15							
-1	180.1418614	<bound	method	GameState.get_score	of	<game_state.GameState	object	at	0x000001E9D196EF08>>
0	61.30623579	132							
0	95.27180672	220							
-1	180.1141384	<bound	method	GameState.get_score	of	<game_state.GameState	object	at	0x000001E9D196A848>>
0	8.898471355	22							
0	7.589429379	18							
0	122.45841	269							
-1	180.2211871	<bound	method	GameState.get_score	of	<game_state.GameState	object	at	0x000001E9D1971288>>
0	11.38268828	26							
0	41.25904036	90							
-1	180.4016175	<bound	method	GameState.get_score	of	<game_state.GameState	object	at	0x000001E9D1A06308>>
1	30.36870718	74							
0	64.69322443	141							
-1	180.0573974	<bound	method	GameState.get_score	of	<game_state.GameState	object	at	0x000001E9D19EDD88>>
0	26.0434401	60							
0	31.92158008	74							
0	94.3251791	192							
0	21.83117652	52							
-1	180.1182594	<bound	method	GameState.get_score	of	<game_state.GameState	object	at	0x000001E9D19BC348>>
0	88.44339561	200							
-1	180.3039331	<bound	method	GameState.get_score	of	<game_state.GameState	object	at	0x000001E9D1986988>>
0	103.9527078	236							
-1	180.1346211	<bound	method	GameState.get_score	of	<game_state.GameState	object	at	0x000001E9D19E9D08>>
-1	180.1843846	<bound	method	GameState.get_score	of	<game_state.GameState	object	at	0x000001E9D19F7F08>>
0	32.2244606	78							
-1	180.0379066	<bound	method	GameState.get_score	of	<game_state.GameState	object	at	0x000001E9D19C8E48>>
-1	180.1089294	<bound	method	GameState.get_score	of	<game_state.GameState	object	at	0x000001E9D19ABE08>>
0	21.05669141	48							
0	5.892695665	15							
0	17.71985126	46							
0	84.85676599	182							
0	10.94452024	29							
0	29.80732632	68							
0	70.39292622	147							
state4									
Expectimax									
1	9.253488541	31							
-1	180.2979691	<bound	method	GameState.get_score	of	<game_state.GameState	object	at	0x000001E9D1982688>>
1	93.37506938	207							
1	18.37025428	39							
-1	180.2038624	<bound	method	GameState.get_score	of	<game_state.GameState	object	at	0x000001E9D1A068C8>>
1	14.9565084	35							
-1	180.158494	<bound	method	GameState.get_score	of	<game_state.GameState	object	at	0x000001E9D198DD48>>
1	46.1190846	61							
-1	180.2547095	<bound	method	GameState.get_score	of	<game_state.GameState	object	at	0x000001E9D198DEC8>>
1	28.05194163	43							
-1	180.2679021	<bound	method	GameState.get_score	of	<game_state.GameState	object	at	0x000001E9D192B8C8>>
1	18.11806321	37							
1	25.66107798	39							
1	16.53466868	39							
1	155.5071058	337							
1	22.70728731	37							
1	10.32381988	31							
-1	180.278276	<bound	method	GameState.get_score	of	<game_state.GameState	object	at	0x000001E9D1A2DD88>>
1	59.59218311	111							
-1	180.3833461	<bound	method	GameState.get_score	of	<game_state.GameState	object	at	0x000001E9D1988E48>>
-1	181.1474788	<bound	method	GameState.get_score	of	<game_state.GameState	object	at	0x000001E9D19D6AC8>>
1	35.53683257	47							
1	13.21109056	37							
1	12.08080602	31							
1	11.43092537	31							
1	22.50924301	41							
1	47.56439996	75							
-1	180.0737641	<bound	method	GameState.get_score	of	<game_state.GameState	object	at	0x000001E9D199A988>>
1	11.68946815	31							
-1	180.1040666	<bound	method	GameState.get_score	of	<game_state.GameState	object	at	0x000001E9D196A488>>
1	14.49293995	31							
1	16.4522357	37							
1	14.66730142	31							
0	52.06890297	75							
1	9.810017824	31							
1	12.65558577	33							
0	147.7042055	181							
1	14.82449269	31							
1	10.14590263	33							
1	14.60593843	31							
-1	180.1243467	<bound	method	GameState.get_score	of	<game_state.GameState	object	at	0x000001E9D19B16C8>>
-1	180.1894436	<bound	method	GameState.get_score	of	<game_state.GameState	object	at	0x000001E9D199AD08>>
1	13.8218956	33							
-1	180.270823	<bound	method	GameState.get_score	of	<game_state.GameState	object	at	0x000001E9D1917CC8>>
0	84.64281368	127							
1	25.18249297	43							
0	52.83316183	100							
1	14.44331884	31							
1	12.10252094	33							
1	11.62033391	37							
									
	MonteCarlo								
1	92.26467395	215							
1	36.79881263	85							
1	113.5386224	265							
1	37.38085365	92							
1	36.80640173	97							
1	62.34118891	152							
1	33.15496492	83							
1	73.39762783	179							
1	86.08846092	206							
1	50.78522277	111							
1	91.70491815	224							
1	28.54702902	69							
0	7.482421875	20							
1	49.79154706	115							
1	94.99879336	221							
1	105.1726277	255							
1	98.96384692	234							
1	112.7344151	271							
1	39.63353395	85							
1	152.3388059	345							
1	93.00875735	221							
1	121.3005309	259							
1	37.14274502	91							
1	151.2222342	341							
1	133.4822674	299							
1	88.88331199	189							
1	22.67463541	53							
1	55.60900879	125							
1	70.22406554	159							
0	5.140078068	13							
0	3.55502367	8							
1	86.10626626	207							
1	45.17676544	107							
1	63.19858074	159							
1	29.18987298	71							
1	83.51112795	183							
1	62.67724705	145							
1	131.0323355	296							
-1	180.0257001	<bound	method	GameState.get_score	of	<game_state.GameState	object	at	0x000001E9D19A71C8>>
1	34.31280947	81							
-1	180.4522645	<bound	method	GameState.get_score	of	<game_state.GameState	object	at	0x000001E9D1A08208>>
1	25.60306525	61							
1	44.02578735	103							
1	76.97974038	181							
1	110.8414047	263							
1	109.3412302	243							
-1	1201.389524	<bound	method	GameState.get_score	of	<game_state.GameState	object	at	0x000001E9D199A208>>
1	55.79558134	127							
1	80.73767829	185							
1	91.43530226	219							
state5									
Expectimax									
1	50.3703382	108							
1	31.76401258	58							
1	31.964854	34							
0	34.84891319	65							
1	28.20318127	34							
1	46.74006128	86							
1	33.97714591	84							
0	54.39311433	119							
1	29.77895546	72							
1	59.30601406	120							
1	24.5674355	36							
1	30.16416192	38							
1	25.29339314	34							
1	55.60311937	128							
1	20.0940845	34							
1	32.42927337	48							
0	29.69472766	61							
1	73.74665737	198							
1	23.47657228	50							
1	42.32659864	114							
1	32.63869953	62							
0	106.3054016	277							
1	38.37314296	76							
0	36.85939622	89							
1	41.37839746	48							
1	38.00929928	104							
0	28.20726728	34							
1	75.54976606	144							
0	45.48641181	105							
1	35.53371048	104							
1	95.05780673	148							
1	9.400840759	31							
0	36.47802615	73							
1	39.61478567	50							
1	63.73183298	156							
1	19.86163831	34							
1	27.27131796	68							
1	25.375072	34							
1	38.33208299	72							
1	33.22802711	52							
1	28.92967081	46							
1	31.47270727	56							
1	26.4129827	66							
1	18.30420375	44							
1	40.89561749	90							
1	47.56466532	110							
1	23.6196506	40							
1	14.97063899	46							
1	37.89921904	70							
1	55.24166369	120							
									
	MonteCarlo								
0	66.19902921	138							
-1	180.6628094	<bound	method	GameState.get_score	of	<game_state.GameState	object	at	0x000001E9D195A188>>
1	43.67007494	96							
1	27.6504159	68							
1	30.28941917	68							
0	179.321753	365							
1	32.21271586	68							
1	39.81062579	88							
1	17.24547195	41							
1	34.48640919	78							
1	35.4464016	80							
1	34.65121341	81							
1	32.75470805	74							
1	28.56810188	70							
1	28.0071435	79							
-1	180.0422626	<bound	method	GameState.get_score	of	<game_state.GameState	object	at	0x000001E9D1A8DAC8>>
1	26.46220708	64							
1	32.47109103	76							
1	24.89431286	55							
1	18.52010679	44							
1	30.47650051	71							
-1	180.6947634	<bound	method	GameState.get_score	of	<game_state.GameState	object	at	0x000001E9D1A062C8>>
1	39.02352285	85							
0	121.6150348	252							
1	34.1121428	74							
1	28.82960629	66							
0	38.78189206	82							
1	63.57705045	145							
0	86.91646051	176							
1	81.29598498	175							
1	16.79600167	37							
-1	180.0324805	<bound	method	GameState.get_score	of	<game_state.GameState	object	at	0x000001E9D195AB08>>
-1	180.6234791	<bound	method	GameState.get_score	of	<game_state.GameState	object	at	0x000001E9D19B1508>>
1	58.88852739	144							
0	54.34157968	114							
1	30.58951831	82							
1	22.82652712	55							
0	8.313435078	18							
0	23.99633765	54							
1	23.52914166	64							
0	84.85402656	175							
-1	180.3138242	<bound	method	GameState.get_score	of	<game_state.GameState	object	at	0x000001E9D192B308>>
1	20.90137434	52							
-1	180.4273498	<bound	method	GameState.get_score	of	<game_state.GameState	object	at	0x000001E9D1A773C8>>
1	45.26315737	97							
1	21.14223123	48							
0	12.69797826	29							
1	32.8494103	79							
1	17.35641026	43							
0	8.644021749	19							
state6									
Expectimax									
1	16.74772668	36							
1	13.6870966	32							
1	9.482602596	36							
1	14.28956819	36							
1	22.82029295	40							
1	15.54979134	38							
1	22.79975343	76							
1	17.84519529	46							
1	22.31732488	44							
1	21.4654479	36							
1	8.82110405	36							
1	9.495104074	36							
1	12.71814394	56							
1	18.48700619	40							
1	10.3544662	40							
-1	4347.071794	<bound	method	GameState.get_score	of	<game_state.GameState	object	at	0x000001E9D1974C48>>
0	11.6234746	41							
1	24.04975653	48							
1	29.52793455	66							
1	19.88449669	38							
1	30.45209718	72							
1	12.70171762	40							
1	17.54206443	56							
1	45.1636641	58							
1	25.87060213	60							
1	14.83060598	36							
0	9.892626047	37							
1	16.15755844	36							
1	10.61810088	36							
1	28.05513096	60							
1	16.356915	36							
1	14.70662522	36							
-1	181.5820379	<bound	method	GameState.get_score	of	<game_state.GameState	object	at	0x000001E9D1995EC8>>
1	19.76829958	38							
1	123.5110974	158							
1	21.4884975	40							
1	21.08963227	36							
1	12.8542459	44							
1	18.39566302	46							
1	12.18241477	34							
1	13.74435997	36							
1	23.94493699	46							
1	11.86274815	40							
1	18.94115281	36							
1	18.47455955	48							
1	20.16151834	42							
1	23.25383162	42							
1	17.72249842	38							
1	10.23676157	38							
1	57.02844834	98							
									
	MonteCarlo								
0	38.2972312	87							
0	64.34948897	152							
0	30.3946631	57							
-1	180.4211779	<bound	method	GameState.get_score	of	<game_state.GameState	object	at	0x000001E9D1935B48>>
0	65.73586154	117							
0	19.93135095	51							
0	88.62105131	203							
-1	180.2241292	<bound	method	GameState.get_score	of	<game_state.GameState	object	at	0x000001E9D1A80C08>>
0	20.35180163	51							
0	44.20346618	86							
-1	180.057549	<bound	method	GameState.get_score	of	<game_state.GameState	object	at	0x000001E9D19A52C8>>
0	80.5341835	146							
0	40.95161176	89							
-1	180.2408652	<bound	method	GameState.get_score	of	<game_state.GameState	object	at	0x000001E9D19E3188>>
-1	1618.423212	<bound	method	GameState.get_score	of	<game_state.GameState	object	at	0x000001E9D19BCF08>>
-1	180.0128558	<bound	method	GameState.get_score	of	<game_state.GameState	object	at	0x000001E9D19BC448>>
0	30.50918984	71							
0	63.60314441	117							
0	54.18797517	121							
-1	180.3108368	<bound	method	GameState.get_score	of	<game_state.GameState	object	at	0x000001E9D19B1288>>
-1	180.0933323	<bound	method	GameState.get_score	of	<game_state.GameState	object	at	0x000001E9D19A5608>>
-1	180.4760432	<bound	method	GameState.get_score	of	<game_state.GameState	object	at	0x000001E9D19FD048>>
0	23.92799401	59							
-1	180.2186201	<bound	method	GameState.get_score	of	<game_state.GameState	object	at	0x000001E9D19BC148>>
1	45.06674194	102							
0	78.6542542	144							
0	131.4648745	307							
-1	180.0330653	<bound	method	GameState.get_score	of	<game_state.GameState	object	at	0x000001E9D193B8C8>>
0	113.5437522	267							
0	74.68264151	136							
0	114.7704663	259							
-1	907.825454	<bound	method	GameState.get_score	of	<game_state.GameState	object	at	0x000001E9D19F8B08>>
-1	180.5576711	<bound	method	GameState.get_score	of	<game_state.GameState	object	at	0x000001E9D19DF4C8>>
0	47.21471763	111							
0	30.25708199	63							
0	61.46305156	139							
0	12.38561249	29							
0	86.54873705	155							
-1	180.0047619	<bound	method	GameState.get_score	of	<game_state.GameState	object	at	0x000001E9D19C9148>>
0	81.32785273	145							
0	67.36911988	121							
0	134.0847168	233							
0	73.2744143	134							
0	67.20301986	153							
-1	180.0051923	<bound	method	GameState.get_score	of	<game_state.GameState	object	at	0x000001E9D1A17B08>>
0	41.94739366	78							
0	46.45223498	109							
0	30.89285612	71							
0	64.05469012	126							
-1	180.4977467	<bound	method	GameState.get_score	of	<game_state.GameState	object	at	0x000001E9D1A0C688>>
